For rate = 5 : ([0, 1, 2, 3, 4, 5, 6, 7, 8, 9], [5.844836146971201, 17.41376959781868, 28.919899874843555, 40.42621932277105, 51.95971464540495, 63.335313174946, 75.03856942496493, 86.03881700554528, 98.04954367666232, 109.34038800705467])
   Cars out : 22243

For rate = 20 : ([0, 1, 2, 3, 4, 5, 6, 7, 8, 9], [6.658398299078668, 19.455899198167238, 33.251035625517815, 46.337982832618025, 59.688477951635846, 73.36274509803921, 86.88919667590028, 100.28735632183908, 111.77717391304348, 126.34693877551021])
   Cars out : 6579

For rate = 10 : ([0, 1, 2, 3, 4, 5, 6, 7, 8, 9], [6.05146140394704, 17.951871657754012, 29.979047855194644, 41.96535052377115, 53.84763721127357, 65.82056953276195, 77.84891548242334, 89.802192564347, 101.3899721448468, 113.28744186046512])
   Cars out : 43496

For rate = 30 : ([0, 1, 2, 3, 4, 5, 6, 7, 8, 9], [7.397271952259165, 21.827757125154896, 39.170682730923694, 55.671251719394775, 72.57956777996071, 90.14929577464788, 106.35661764705883, 122.3546511627907, 139.48872180451127, 156.33333333333334])
   Cars out : 5215
For rate = 18 : ([0, 1, 2, 3, 4, 5, 6, 7, 8, 9], [6.288461538461538, 19.224770642201836, 31.07547169811321, 44.404761904761905, 57.10489510489511, 67.67391304347827, 78.63333333333334, 89.52631578947368, 100.34782608695652, 111.4])
   Cars out : 1376
For rate = 14 : ([0, 1, 2, 3, 4, 5, 6, 7, 8, 9], [6.272455089820359, 18.3121387283237, 30.748696558915537, 43.2180774748924, 55.93615107913669, 67.65521472392638, 80.51661129568106, 92.84322033898304, 104.21835443037975, 118.0701754385965])
   Cars out : 10235
For rate = 16 : ([0, 1, 2, 3, 4, 5, 6, 7, 8, 9], [6.338368580060423, 18.777636594663278, 31.501142074006395, 44.43283582089552, 57.01939291736931, 69.28172043010753, 81.97368421052632, 94.83431952662721, 106.94623655913979, 119.10504201680672])
   Cars out : 11700
For rate = 12 : ([0, 1, 2, 3, 4, 5, 6, 7, 8, 9], [6.125, 18.26176602420439, 30.5290410671148, 42.779603011635864, 54.822439706396366, 66.94105409153953, 79.34046511627906, 91.69218307006885, 103.48009367681499, 115.43026004728132])
   Cars out : 51676
For rate = 13 : ([0, 1, 2, 3, 4, 5, 6, 7, 8, 9], [6.200740235706633, 18.3659035159444, 30.81940779829962, 42.988713318284425, 55.391752577319586, 67.58377077865266, 80.06262510723477, 92.06903276131045, 104.07162089391491, 117.04102976669348])
   Cars out : 55743
For rate = 1 : ([0, 1, 2, 3, 4, 5, 6, 7, 8, 9], [5.71356783919598, 17.011608623548923, 28.303329223181258, 39.36529680365297, 50.66733466933868, 61.69090909090909, 73.02564102564102, 83.82648401826484, 94.74626865671642, 107.23076923076923])
   Cars out : 4484
For rate = 40 : ([0, 1, 2, 3, 4, 5, 6, 7, 8, 9], [7.924901185770751, 23.43946188340807, 42.823970037453186, 60.00533333333333, 76.76859504132231, 96.60645161290323, 115.11, 126.72368421052632, 150.96153846153845, 150.0])
   Cars out : 2716
For rate = 30 : ([0, 1, 2, 3, 4, 5, 6, 7, 8, 9], [7.475894919168591, 22.441701564910733, 41.917106130520764, 60.184054469580495, 78.71611177170035, 98.4619442351168, 118.13516367476241, 136.39259796806968, 156.06485355648536, 173.04395604395606])
   Cars out : 32959
